4层汉诺塔:
[1, 1, 1, 1]
[2, 1, 1, 1]
[2, 3, 1, 1]
[3, 3, 1, 1]
[3, 3, 2, 1]
[1, 3, 2, 1]
[1, 2, 2, 1]
[2, 2, 2, 1]
[2, 2, 2, 3]
[3, 2, 2, 3]
[3, 1, 2, 3]
[1, 1, 2, 3]
[1, 1, 3, 3]
[2, 1, 3, 3]
[2, 3, 3, 3]
[3, 3, 3, 3]
5层汉诺塔:
[1, 1, 1, 1, 1]
[3, 1, 1, 1, 1]
[3, 2, 1, 1, 1]
[2, 2, 1, 1, 1]
[2, 2, 3, 1, 1]
[1, 2, 3, 1, 1]
[1, 3, 3, 1, 1]
[3, 3, 3, 1, 1]
[3, 3, 3, 2, 1]
[2, 3, 3, 2, 1]
[2, 1, 3, 2, 1]
[1, 1, 3, 2, 1]
[1, 1, 2, 2, 1]
[3, 1, 2, 2, 1]
[3, 2, 2, 2, 1]
[2, 2, 2, 2, 1]
[2, 2, 2, 2, 3]
[1, 2, 2, 2, 3]
[1, 3, 2, 2, 3]
[3, 3, 2, 2, 3]
[3, 3, 1, 2, 3]
[2, 3, 1, 2, 3]
[2, 1, 1, 2, 3]
[1, 1, 1, 2, 3]
[1, 1, 1, 3, 3]
[3, 1, 1, 3, 3]
[3, 2, 1, 3, 3]
[2, 2, 1, 3, 3]
[2, 2, 3, 3, 3]
[1, 2, 3, 3, 3]
[1, 3, 3, 3, 3]
[3, 3, 3, 3, 3]
6层汉诺塔:
[1, 1, 1, 1, 1, 1]
[2, 1, 1, 1, 1, 1]
[2, 3, 1, 1, 1, 1]
[3, 3, 1, 1, 1, 1]
[3, 3, 2, 1, 1, 1]
[1, 3, 2, 1, 1, 1]
[1, 2, 2, 1, 1, 1]
[2, 2, 2, 1, 1, 1]
[2, 2, 2, 3, 1, 1]
[3, 2, 2, 3, 1, 1]
[3, 1, 2, 3, 1, 1]
[1, 1, 2, 3, 1, 1]
[1, 1, 3, 3, 1, 1]
[2, 1, 3, 3, 1, 1]
[2, 3, 3, 3, 1, 1]
[3, 3, 3, 3, 1, 1]
[3, 3, 3, 3, 2, 1]
[1, 3, 3, 3, 2, 1]
[1, 2, 3, 3, 2, 1]
[2, 2, 3, 3, 2, 1]
[2, 2, 1, 3, 2, 1]
[3, 2, 1, 3, 2, 1]
[3, 1, 1, 3, 2, 1]
[1, 1, 1, 3, 2, 1]
[1, 1, 1, 2, 2, 1]
[2, 1, 1, 2, 2, 1]
[2, 3, 1, 2, 2, 1]
[3, 3, 1, 2, 2, 1]
[3, 3, 2, 2, 2, 1]
[1, 3, 2, 2, 2, 1]
[1, 2, 2, 2, 2, 1]
[2, 2, 2, 2, 2, 1]
[2, 2, 2, 2, 2, 3]
[3, 2, 2, 2, 2, 3]
[3, 1, 2, 2, 2, 3]
[1, 1, 2, 2, 2, 3]
[1, 1, 3, 2, 2, 3]
[2, 1, 3, 2, 2, 3]
[2, 3, 3, 2, 2, 3]
[3, 3, 3, 2, 2, 3]
[3, 3, 3, 1, 2, 3]
[1, 3, 3, 1, 2, 3]
[1, 2, 3, 1, 2, 3]
[2, 2, 3, 1, 2, 3]
[2, 2, 1, 1, 2, 3]
[3, 2, 1, 1, 2, 3]
[3, 1, 1, 1, 2, 3]
[1, 1, 1, 1, 2, 3]
[1, 1, 1, 1, 3, 3]
[2, 1, 1, 1, 3, 3]
[2, 3, 1, 1, 3, 3]
[3, 3, 1, 1, 3, 3]
[3, 3, 2, 1, 3, 3]
[1, 3, 2, 1, 3, 3]
[1, 2, 2, 1, 3, 3]
[2, 2, 2, 1, 3, 3]
[2, 2, 2, 3, 3, 3]
[3, 2, 2, 3, 3, 3]
[3, 1, 2, 3, 3, 3]
[1, 1, 2, 3, 3, 3]
[1, 1, 3, 3, 3, 3]
[2, 1, 3, 3, 3, 3]
[2, 3, 3, 3, 3, 3]
[3, 3, 3, 3, 3, 3]
7层汉诺塔:
[1, 1, 1, 1, 1, 1, 1]
[3, 1, 1, 1, 1, 1, 1]
[3, 2, 1, 1, 1, 1, 1]
[2, 2, 1, 1, 1, 1, 1]
[2, 2, 3, 1, 1, 1, 1]
[1, 2, 3, 1, 1, 1, 1]
[1, 3, 3, 1, 1, 1, 1]
[3, 3, 3, 1, 1, 1, 1]
[3, 3, 3, 2, 1, 1, 1]
[2, 3, 3, 2, 1, 1, 1]
[2, 1, 3, 2, 1, 1, 1]
[1, 1, 3, 2, 1, 1, 1]
[1, 1, 2, 2, 1, 1, 1]
[3, 1, 2, 2, 1, 1, 1]
[3, 2, 2, 2, 1, 1, 1]
[2, 2, 2, 2, 1, 1, 1]
[2, 2, 2, 2, 3, 1, 1]
[1, 2, 2, 2, 3, 1, 1]
[1, 3, 2, 2, 3, 1, 1]
[3, 3, 2, 2, 3, 1, 1]
[3, 3, 1, 2, 3, 1, 1]
[2, 3, 1, 2, 3, 1, 1]
[2, 1, 1, 2, 3, 1, 1]
[1, 1, 1, 2, 3, 1, 1]
[1, 1, 1, 3, 3, 1, 1]
[3, 1, 1, 3, 3, 1, 1]
[3, 2, 1, 3, 3, 1, 1]
[2, 2, 1, 3, 3, 1, 1]
[2, 2, 3, 3, 3, 1, 1]
[1, 2, 3, 3, 3, 1, 1]
[1, 3, 3, 3, 3, 1, 1]
[3, 3, 3, 3, 3, 1, 1]
[3, 3, 3, 3, 3, 2, 1]
[2, 3, 3, 3, 3, 2, 1]
[2, 1, 3, 3, 3, 2, 1]
[1, 1, 3, 3, 3, 2, 1]
[1, 1, 2, 3, 3, 2, 1]
[3, 1, 2, 3, 3, 2, 1]
[3, 2, 2, 3, 3, 2, 1]
[2, 2, 2, 3, 3, 2, 1]
[2, 2, 2, 1, 3, 2, 1]
[1, 2, 2, 1, 3, 2, 1]
[1, 3, 2, 1, 3, 2, 1]
[3, 3, 2, 1, 3, 2, 1]
[3, 3, 1, 1, 3, 2, 1]
[2, 3, 1, 1, 3, 2, 1]
[2, 1, 1, 1, 3, 2, 1]
[1, 1, 1, 1, 3, 2, 1]
[1, 1, 1, 1, 2, 2, 1]
[3, 1, 1, 1, 2, 2, 1]
[3, 2, 1, 1, 2, 2, 1]
[2, 2, 1, 1, 2, 2, 1]
[2, 2, 3, 1, 2, 2, 1]
[1, 2, 3, 1, 2, 2, 1]
[1, 3, 3, 1, 2, 2, 1]
[3, 3, 3, 1, 2, 2, 1]
[3, 3, 3, 2, 2, 2, 1]
[2, 3, 3, 2, 2, 2, 1]
[2, 1, 3, 2, 2, 2, 1]
[1, 1, 3, 2, 2, 2, 1]
[1, 1, 2, 2, 2, 2, 1]
[3, 1, 2, 2, 2, 2, 1]
[3, 2, 2, 2, 2, 2, 1]
[2, 2, 2, 2, 2, 2, 1]
[2, 2, 2, 2, 2, 2, 3]
[1, 2, 2, 2, 2, 2, 3]
[1, 3, 2, 2, 2, 2, 3]
[3, 3, 2, 2, 2, 2, 3]
[3, 3, 1, 2, 2, 2, 3]
[2, 3, 1, 2, 2, 2, 3]
[2, 1, 1, 2, 2, 2, 3]
[1, 1, 1, 2, 2, 2, 3]
[1, 1, 1, 3, 2, 2, 3]
[3, 1, 1, 3, 2, 2, 3]
[3, 2, 1, 3, 2, 2, 3]
[2, 2, 1, 3, 2, 2, 3]
[2, 2, 3, 3, 2, 2, 3]
[1, 2, 3, 3, 2, 2, 3]
[1, 3, 3, 3, 2, 2, 3]
[3, 3, 3, 3, 2, 2, 3]
[3, 3, 3, 3, 1, 2, 3]
[2, 3, 3, 3, 1, 2, 3]
[2, 1, 3, 3, 1, 2, 3]
[1, 1, 3, 3, 1, 2, 3]
[1, 1, 2, 3, 1, 2, 3]
[3, 1, 2, 3, 1, 2, 3]
[3, 2, 2, 3, 1, 2, 3]
[2, 2, 2, 3, 1, 2, 3]
[2, 2, 2, 1, 1, 2, 3]
[1, 2, 2, 1, 1, 2, 3]
[1, 3, 2, 1, 1, 2, 3]
[3, 3, 2, 1, 1, 2, 3]
[3, 3, 1, 1, 1, 2, 3]
[2, 3, 1, 1, 1, 2, 3]
[2, 1, 1, 1, 1, 2, 3]
[1, 1, 1, 1, 1, 2, 3]
[1, 1, 1, 1, 1, 3, 3]
[3, 1, 1, 1, 1, 3, 3]
[3, 2, 1, 1, 1, 3, 3]
[2, 2, 1, 1, 1, 3, 3]
[2, 2, 3, 1, 1, 3, 3]
[1, 2, 3, 1, 1, 3, 3]
[1, 3, 3, 1, 1, 3, 3]
[3, 3, 3, 1, 1, 3, 3]
[3, 3, 3, 2, 1, 3, 3]
[2, 3, 3, 2, 1, 3, 3]
[2, 1, 3, 2, 1, 3, 3]
[1, 1, 3, 2, 1, 3, 3]
[1, 1, 2, 2, 1, 3, 3]
[3, 1, 2, 2, 1, 3, 3]
[3, 2, 2, 2, 1, 3, 3]
[2, 2, 2, 2, 1, 3, 3]
[2, 2, 2, 2, 3, 3, 3]
[1, 2, 2, 2, 3, 3, 3]
[1, 3, 2, 2, 3, 3, 3]
[3, 3, 2, 2, 3, 3, 3]
[3, 3, 1, 2, 3, 3, 3]
[2, 3, 1, 2, 3, 3, 3]
[2, 1, 1, 2, 3, 3, 3]
[1, 1, 1, 2, 3, 3, 3]
[1, 1, 1, 3, 3, 3, 3]
[3, 1, 1, 3, 3, 3, 3]
[3, 2, 1, 3, 3, 3, 3]
[2, 2, 1, 3, 3, 3, 3]
[2, 2, 3, 3, 3, 3, 3]
[1, 2, 3, 3, 3, 3, 3]
[1, 3, 3, 3, 3, 3, 3]
[3, 3, 3, 3, 3, 3, 3]
